%!PS-Adobe-2.0 EPSF-2.0
%%Title: 4-hedrite12_1.eps
%%Creator: fig2dev Version 3.2 Patchlevel 3d
%%CreationDate: Mon Sep  2 21:45:56 2002
%%For: dutour@lierre (Mathieu Dutour)
%%BoundingBox: 0 0 110 110
%%Magnification: 1.0000
%%EndComments
/$F2psDict 200 dict def
$F2psDict begin
$F2psDict /mtrx matrix put
/col-1 {0 setgray} bind def
/col0 {0.000 0.000 0.000 srgb} bind def
/col1 {0.000 0.000 1.000 srgb} bind def
/col2 {0.000 1.000 0.000 srgb} bind def
/col3 {0.000 1.000 1.000 srgb} bind def
/col4 {1.000 0.000 0.000 srgb} bind def
/col5 {1.000 0.000 1.000 srgb} bind def
/col6 {1.000 1.000 0.000 srgb} bind def
/col7 {1.000 1.000 1.000 srgb} bind def
/col8 {0.000 0.000 0.560 srgb} bind def
/col9 {0.000 0.000 0.690 srgb} bind def
/col10 {0.000 0.000 0.820 srgb} bind def
/col11 {0.530 0.810 1.000 srgb} bind def
/col12 {0.000 0.560 0.000 srgb} bind def
/col13 {0.000 0.690 0.000 srgb} bind def
/col14 {0.000 0.820 0.000 srgb} bind def
/col15 {0.000 0.560 0.560 srgb} bind def
/col16 {0.000 0.690 0.690 srgb} bind def
/col17 {0.000 0.820 0.820 srgb} bind def
/col18 {0.560 0.000 0.000 srgb} bind def
/col19 {0.690 0.000 0.000 srgb} bind def
/col20 {0.820 0.000 0.000 srgb} bind def
/col21 {0.560 0.000 0.560 srgb} bind def
/col22 {0.690 0.000 0.690 srgb} bind def
/col23 {0.820 0.000 0.820 srgb} bind def
/col24 {0.500 0.190 0.000 srgb} bind def
/col25 {0.630 0.250 0.000 srgb} bind def
/col26 {0.750 0.380 0.000 srgb} bind def
/col27 {1.000 0.500 0.500 srgb} bind def
/col28 {1.000 0.630 0.630 srgb} bind def
/col29 {1.000 0.750 0.750 srgb} bind def
/col30 {1.000 0.880 0.880 srgb} bind def
/col31 {1.000 0.840 0.000 srgb} bind def

end
save
newpath 0 110 moveto 0 0 lineto 110 0 lineto 110 110 lineto closepath clip newpath
-35.3 144.7 translate
1 -1 scale

/cp {closepath} bind def
/ef {eofill} bind def
/gr {grestore} bind def
/gs {gsave} bind def
/sa {save} bind def
/rs {restore} bind def
/l {lineto} bind def
/m {moveto} bind def
/rm {rmoveto} bind def
/n {newpath} bind def
/s {stroke} bind def
/sh {show} bind def
/slc {setlinecap} bind def
/slj {setlinejoin} bind def
/slw {setlinewidth} bind def
/srgb {setrgbcolor} bind def
/rot {rotate} bind def
/sc {scale} bind def
/sd {setdash} bind def
/ff {findfont} bind def
/sf {setfont} bind def
/scf {scalefont} bind def
/sw {stringwidth} bind def
/tr {translate} bind def
/tnt {dup dup currentrgbcolor
  4 -2 roll dup 1 exch sub 3 -1 roll mul add
  4 -2 roll dup 1 exch sub 3 -1 roll mul add
  4 -2 roll dup 1 exch sub 3 -1 roll mul add srgb}
  bind def
/shd {dup dup currentrgbcolor 4 -2 roll mul 4 -2 roll mul
  4 -2 roll mul srgb} bind def
/$F2psBegin {$F2psDict begin /$F2psEnteredState save def} def
/$F2psEnd {$F2psEnteredState restore end} def

$F2psBegin
10 setmiterlimit
 0.06000 0.06000 sc
%
% Fig objects follow
%
% Polyline
2 slj
7.500 slw
n 2250 1350 m 2247 1350 l 2241 1350 l 2231 1349 l 2216 1349 l 2199 1347 l
 2180 1345 l 2159 1342 l 2138 1338 l 2116 1331 l 2094 1322 l
 2071 1310 l 2047 1295 l 2025 1275 l 2005 1253 l 1990 1229 l
 1978 1206 l 1969 1184 l 1962 1162 l 1958 1141 l 1955 1120 l
 1953 1101 l 1951 1084 l 1951 1069 l 1950 1059 l 1950 1053 l

 1950 1050 l gs col0 s gr 
% Polyline
0 slj
n 600 2400 m 750 1650 l 1350 1650 l 1350 2250 l
 600 2400 l  cp gs col0 s gr 
% Polyline
n 2400 600 m 1650 750 l 1650 1350 l 2250 1350 l
 2400 600 l  cp gs col0 s gr 
% Polyline
n 600 600 m 1350 1650 l 2400 2400 l 1650 1350 l
 600 600 l  cp gs col0 s gr 
% Polyline
2 slj
n 1050 1950 m 1050 1947 l 1050 1941 l 1049 1931 l 1049 1916 l 1047 1899 l
 1045 1880 l 1042 1859 l 1038 1838 l 1031 1816 l 1022 1794 l
 1010 1771 l 995 1747 l 975 1725 l 953 1705 l 929 1690 l
 906 1678 l 884 1669 l 862 1662 l 841 1658 l 820 1655 l
 801 1653 l 784 1651 l 769 1651 l 759 1650 l 753 1650 l

 750 1650 l gs col0 s gr 
% Polyline
n 750 1650 m 750 1653 l 750 1659 l 751 1669 l 751 1684 l 753 1701 l
 755 1720 l 758 1741 l 762 1762 l 769 1784 l 778 1806 l
 790 1829 l 805 1853 l 825 1875 l 847 1895 l 871 1910 l
 894 1922 l 916 1931 l 938 1938 l 959 1942 l 980 1945 l
 999 1947 l 1016 1949 l 1031 1949 l 1041 1950 l 1047 1950 l

 1050 1950 l gs col0 s gr 
% Polyline
n 1050 1950 m 1053 1950 l 1059 1950 l 1069 1951 l 1084 1951 l 1101 1953 l
 1120 1955 l 1141 1958 l 1162 1962 l 1184 1969 l 1206 1978 l
 1229 1990 l 1253 2005 l 1275 2025 l 1295 2047 l 1310 2071 l
 1322 2094 l 1331 2116 l 1338 2138 l 1342 2159 l 1345 2180 l
 1347 2199 l 1349 2216 l 1349 2231 l 1350 2241 l 1350 2247 l

 1350 2250 l gs col0 s gr 
% Polyline
n 1350 2250 m 1347 2250 l 1341 2250 l 1331 2249 l 1316 2249 l 1299 2247 l
 1280 2245 l 1259 2242 l 1238 2238 l 1216 2231 l 1194 2222 l
 1171 2210 l 1147 2195 l 1125 2175 l 1105 2153 l 1090 2129 l
 1078 2106 l 1069 2084 l 1062 2062 l 1058 2041 l 1055 2020 l
 1053 2001 l 1051 1984 l 1051 1969 l 1050 1959 l 1050 1953 l

 1050 1950 l gs col0 s gr 
% Polyline
n 1650 750 m 1653 750 l 1659 750 l 1669 751 l 1684 751 l 1701 753 l
 1720 755 l 1741 758 l 1762 762 l 1784 769 l 1806 778 l
 1829 790 l 1853 805 l 1875 825 l 1895 847 l 1910 871 l
 1922 894 l 1931 916 l 1938 938 l 1942 959 l 1945 980 l
 1947 999 l 1949 1016 l 1949 1031 l 1950 1041 l 1950 1047 l

 1950 1050 l gs col0 s gr 
% Polyline
n 1950 1050 m 1947 1050 l 1941 1050 l 1931 1049 l 1916 1049 l 1899 1047 l
 1880 1045 l 1859 1042 l 1838 1038 l 1816 1031 l 1794 1022 l
 1771 1010 l 1747 995 l 1725 975 l 1705 953 l 1690 929 l
 1678 906 l 1669 884 l 1662 862 l 1658 841 l 1655 820 l
 1653 801 l 1651 784 l 1651 769 l 1650 759 l 1650 753 l

 1650 750 l gs col0 s gr 
% Polyline
n 1950 1050 m 1953 1050 l 1959 1050 l 1969 1051 l 1984 1051 l 2001 1053 l
 2020 1055 l 2041 1058 l 2062 1062 l 2084 1069 l 2106 1078 l
 2129 1090 l 2153 1105 l 2175 1125 l 2195 1147 l 2210 1171 l
 2222 1194 l 2231 1216 l 2238 1238 l 2242 1259 l 2245 1280 l
 2247 1299 l 2249 1316 l 2249 1331 l 2250 1341 l 2250 1347 l

 2250 1350 l gs col0 s gr 
% Polyline
0 slj
n 600 600 m 2400 600 l 2400 2400 l 600 2400 l
 600 600 l  cp gs col0 s gr 
$F2psEnd
rs
