%!PS-Adobe-2.0 EPSF-2.0
%%Title: 5-hedrite12_3.eps
%%Creator: fig2dev Version 3.2 Patchlevel 3d
%%CreationDate: Sat Aug 31 14:41:53 2002
%%For: dutour@lierre (Mathieu Dutour)
%%BoundingBox: 0 0 110 110
%%Magnification: 1.0000
%%EndComments
/$F2psDict 200 dict def
$F2psDict begin
$F2psDict /mtrx matrix put
/col-1 {0 setgray} bind def
/col0 {0.000 0.000 0.000 srgb} bind def
/col1 {0.000 0.000 1.000 srgb} bind def
/col2 {0.000 1.000 0.000 srgb} bind def
/col3 {0.000 1.000 1.000 srgb} bind def
/col4 {1.000 0.000 0.000 srgb} bind def
/col5 {1.000 0.000 1.000 srgb} bind def
/col6 {1.000 1.000 0.000 srgb} bind def
/col7 {1.000 1.000 1.000 srgb} bind def
/col8 {0.000 0.000 0.560 srgb} bind def
/col9 {0.000 0.000 0.690 srgb} bind def
/col10 {0.000 0.000 0.820 srgb} bind def
/col11 {0.530 0.810 1.000 srgb} bind def
/col12 {0.000 0.560 0.000 srgb} bind def
/col13 {0.000 0.690 0.000 srgb} bind def
/col14 {0.000 0.820 0.000 srgb} bind def
/col15 {0.000 0.560 0.560 srgb} bind def
/col16 {0.000 0.690 0.690 srgb} bind def
/col17 {0.000 0.820 0.820 srgb} bind def
/col18 {0.560 0.000 0.000 srgb} bind def
/col19 {0.690 0.000 0.000 srgb} bind def
/col20 {0.820 0.000 0.000 srgb} bind def
/col21 {0.560 0.000 0.560 srgb} bind def
/col22 {0.690 0.000 0.690 srgb} bind def
/col23 {0.820 0.000 0.820 srgb} bind def
/col24 {0.500 0.190 0.000 srgb} bind def
/col25 {0.630 0.250 0.000 srgb} bind def
/col26 {0.750 0.380 0.000 srgb} bind def
/col27 {1.000 0.500 0.500 srgb} bind def
/col28 {1.000 0.630 0.630 srgb} bind def
/col29 {1.000 0.750 0.750 srgb} bind def
/col30 {1.000 0.880 0.880 srgb} bind def
/col31 {1.000 0.840 0.000 srgb} bind def

end
save
newpath 0 110 moveto 0 0 lineto 110 0 lineto 110 110 lineto closepath clip newpath
-35.3 144.7 translate
1 -1 scale

/cp {closepath} bind def
/ef {eofill} bind def
/gr {grestore} bind def
/gs {gsave} bind def
/sa {save} bind def
/rs {restore} bind def
/l {lineto} bind def
/m {moveto} bind def
/rm {rmoveto} bind def
/n {newpath} bind def
/s {stroke} bind def
/sh {show} bind def
/slc {setlinecap} bind def
/slj {setlinejoin} bind def
/slw {setlinewidth} bind def
/srgb {setrgbcolor} bind def
/rot {rotate} bind def
/sc {scale} bind def
/sd {setdash} bind def
/ff {findfont} bind def
/sf {setfont} bind def
/scf {scalefont} bind def
/sw {stringwidth} bind def
/tr {translate} bind def
/tnt {dup dup currentrgbcolor
  4 -2 roll dup 1 exch sub 3 -1 roll mul add
  4 -2 roll dup 1 exch sub 3 -1 roll mul add
  4 -2 roll dup 1 exch sub 3 -1 roll mul add srgb}
  bind def
/shd {dup dup currentrgbcolor 4 -2 roll mul 4 -2 roll mul
  4 -2 roll mul srgb} bind def
/$F2psBegin {$F2psDict begin /$F2psEnteredState save def} def
/$F2psEnd {$F2psEnteredState restore end} def

$F2psBegin
10 setmiterlimit
 0.06000 0.06000 sc
%
% Fig objects follow
%
% Polyline
2 slj
7.500 slw
n 1725 1275 m 1725 1277 l 1724 1281 l 1722 1288 l 1720 1298 l 1717 1311 l
 1713 1327 l 1708 1345 l 1702 1364 l 1695 1385 l 1687 1406 l
 1677 1428 l 1666 1451 l 1653 1474 l 1638 1498 l 1620 1524 l
 1599 1549 l 1575 1575 l 1549 1599 l 1524 1620 l 1498 1638 l
 1474 1653 l 1451 1666 l 1428 1677 l 1406 1687 l 1385 1695 l
 1364 1702 l 1345 1708 l 1327 1713 l 1311 1717 l 1298 1720 l
 1288 1722 l 1281 1724 l 1277 1725 l
 1275 1725 l gs col0 s gr 
% Polyline
0 slj
n 600 600 m 1200 900 l 1950 1050 l 2100 1800 l
 2400 2400 l gs col0 s gr 
% Polyline
n 2400 2400 m 1650 2100 l 1050 1950 l 900 1200 l
 600 600 l gs col0 s gr 
% Polyline
n 1200 900 m 900 1200 l 1275 1725 l 1650 2100 l 2100 1800 l 1725 1275 l

 1200 900 l  cp gs col0 s gr 
% Polyline
2 slj
n 600 2400 m 600 2398 l 601 2394 l 603 2387 l 605 2377 l 608 2364 l
 612 2348 l 617 2330 l 623 2311 l 630 2290 l 638 2269 l
 648 2247 l 659 2224 l 672 2201 l 687 2177 l 705 2151 l
 726 2126 l 750 2100 l 776 2076 l 801 2055 l 827 2037 l
 851 2022 l 874 2009 l 897 1998 l 919 1988 l 940 1980 l
 961 1973 l 980 1967 l 998 1962 l 1014 1958 l 1027 1955 l
 1037 1953 l 1044 1951 l 1048 1950 l
 1050 1950 l gs col0 s gr 
% Polyline
n 1050 1950 m 1050 1952 l 1049 1956 l 1047 1963 l 1045 1973 l 1042 1986 l
 1038 2002 l 1033 2020 l 1027 2039 l 1020 2060 l 1012 2081 l
 1002 2103 l 991 2126 l 978 2149 l 963 2173 l 945 2199 l
 924 2224 l 900 2250 l 874 2274 l 849 2295 l 823 2313 l
 799 2328 l 776 2341 l 753 2352 l 731 2362 l 710 2370 l
 689 2377 l 670 2383 l 652 2388 l 636 2392 l 623 2395 l
 613 2397 l 606 2399 l 602 2400 l
 600 2400 l gs col0 s gr 
% Polyline
n 2400 600 m 2398 600 l 2394 601 l 2387 603 l 2377 605 l 2364 608 l
 2348 612 l 2330 617 l 2311 623 l 2290 630 l 2269 638 l
 2247 648 l 2224 659 l 2201 672 l 2177 687 l 2151 705 l
 2126 726 l 2100 750 l 2076 776 l 2055 801 l 2037 827 l
 2022 851 l 2009 874 l 1998 897 l 1988 919 l 1980 940 l
 1973 961 l 1967 980 l 1962 998 l 1958 1014 l 1955 1027 l
 1953 1037 l 1951 1044 l 1950 1048 l
 1950 1050 l gs col0 s gr 
% Polyline
n 1950 1050 m 1952 1050 l 1956 1049 l 1963 1047 l 1973 1045 l 1986 1042 l
 2002 1038 l 2020 1033 l 2039 1027 l 2060 1020 l 2081 1012 l
 2103 1002 l 2126 991 l 2149 978 l 2173 963 l 2199 945 l
 2224 924 l 2250 900 l 2274 874 l 2295 849 l 2313 823 l
 2328 799 l 2341 776 l 2352 753 l 2362 731 l 2370 710 l
 2377 689 l 2383 670 l 2388 652 l 2392 636 l 2395 623 l
 2397 613 l 2399 606 l 2400 602 l
 2400 600 l gs col0 s gr 
% Polyline
n 1275 1725 m 1275 1723 l 1276 1719 l 1278 1712 l 1280 1702 l 1283 1689 l
 1287 1673 l 1292 1655 l 1298 1636 l 1305 1615 l 1313 1594 l
 1323 1572 l 1334 1549 l 1347 1526 l 1362 1502 l 1380 1476 l
 1401 1451 l 1425 1425 l 1451 1401 l 1476 1380 l 1502 1362 l
 1526 1347 l 1549 1334 l 1572 1323 l 1594 1313 l 1615 1305 l
 1636 1298 l 1655 1292 l 1673 1287 l 1689 1283 l 1702 1280 l
 1712 1278 l 1719 1276 l 1723 1275 l
 1725 1275 l gs col0 s gr 
% Polyline
0 slj
n 600 600 m 2400 600 l 2400 2400 l 600 2400 l
 600 600 l  cp gs col0 s gr 
$F2psEnd
rs
