%!PS-Adobe-2.0 EPSF-2.0
%%Title: 6-hedrite11_2.eps
%%Creator: fig2dev Version 3.2 Patchlevel 3d
%%CreationDate: Sat Aug 31 12:34:31 2002
%%For: dutour@lierre (Mathieu Dutour)
%%BoundingBox: 0 0 110 110
%%Magnification: 1.0000
%%EndComments
/$F2psDict 200 dict def
$F2psDict begin
$F2psDict /mtrx matrix put
/col-1 {0 setgray} bind def
/col0 {0.000 0.000 0.000 srgb} bind def
/col1 {0.000 0.000 1.000 srgb} bind def
/col2 {0.000 1.000 0.000 srgb} bind def
/col3 {0.000 1.000 1.000 srgb} bind def
/col4 {1.000 0.000 0.000 srgb} bind def
/col5 {1.000 0.000 1.000 srgb} bind def
/col6 {1.000 1.000 0.000 srgb} bind def
/col7 {1.000 1.000 1.000 srgb} bind def
/col8 {0.000 0.000 0.560 srgb} bind def
/col9 {0.000 0.000 0.690 srgb} bind def
/col10 {0.000 0.000 0.820 srgb} bind def
/col11 {0.530 0.810 1.000 srgb} bind def
/col12 {0.000 0.560 0.000 srgb} bind def
/col13 {0.000 0.690 0.000 srgb} bind def
/col14 {0.000 0.820 0.000 srgb} bind def
/col15 {0.000 0.560 0.560 srgb} bind def
/col16 {0.000 0.690 0.690 srgb} bind def
/col17 {0.000 0.820 0.820 srgb} bind def
/col18 {0.560 0.000 0.000 srgb} bind def
/col19 {0.690 0.000 0.000 srgb} bind def
/col20 {0.820 0.000 0.000 srgb} bind def
/col21 {0.560 0.000 0.560 srgb} bind def
/col22 {0.690 0.000 0.690 srgb} bind def
/col23 {0.820 0.000 0.820 srgb} bind def
/col24 {0.500 0.190 0.000 srgb} bind def
/col25 {0.630 0.250 0.000 srgb} bind def
/col26 {0.750 0.380 0.000 srgb} bind def
/col27 {1.000 0.500 0.500 srgb} bind def
/col28 {1.000 0.630 0.630 srgb} bind def
/col29 {1.000 0.750 0.750 srgb} bind def
/col30 {1.000 0.880 0.880 srgb} bind def
/col31 {1.000 0.840 0.000 srgb} bind def

end
save
newpath 0 110 moveto 0 0 lineto 110 0 lineto 110 110 lineto closepath clip newpath
-35.3 144.7 translate
1 -1 scale

/cp {closepath} bind def
/ef {eofill} bind def
/gr {grestore} bind def
/gs {gsave} bind def
/sa {save} bind def
/rs {restore} bind def
/l {lineto} bind def
/m {moveto} bind def
/rm {rmoveto} bind def
/n {newpath} bind def
/s {stroke} bind def
/sh {show} bind def
/slc {setlinecap} bind def
/slj {setlinejoin} bind def
/slw {setlinewidth} bind def
/srgb {setrgbcolor} bind def
/rot {rotate} bind def
/sc {scale} bind def
/sd {setdash} bind def
/ff {findfont} bind def
/sf {setfont} bind def
/scf {scalefont} bind def
/sw {stringwidth} bind def
/tr {translate} bind def
/tnt {dup dup currentrgbcolor
  4 -2 roll dup 1 exch sub 3 -1 roll mul add
  4 -2 roll dup 1 exch sub 3 -1 roll mul add
  4 -2 roll dup 1 exch sub 3 -1 roll mul add srgb}
  bind def
/shd {dup dup currentrgbcolor 4 -2 roll mul 4 -2 roll mul
  4 -2 roll mul srgb} bind def
/$F2psBegin {$F2psDict begin /$F2psEnteredState save def} def
/$F2psEnd {$F2psEnteredState restore end} def

$F2psBegin
10 setmiterlimit
 0.06000 0.06000 sc
%
% Fig objects follow
%
% Polyline
2 slj
7.500 slw
n 1950 1950 m 1950 1952 l 1951 1956 l 1953 1963 l 1955 1973 l 1958 1986 l
 1962 2002 l 1967 2020 l 1973 2039 l 1980 2060 l 1988 2081 l
 1998 2103 l 2009 2126 l 2022 2149 l 2037 2173 l 2055 2199 l
 2076 2224 l 2100 2250 l 2126 2274 l 2151 2295 l 2177 2313 l
 2201 2328 l 2224 2341 l 2247 2352 l 2269 2362 l 2290 2370 l
 2311 2377 l 2330 2383 l 2348 2388 l 2364 2392 l 2377 2395 l
 2387 2397 l 2394 2399 l 2398 2400 l
 2400 2400 l gs col0 s gr 
% Polyline
0 slj
n 600 2400 m 900 1650 l 1650 900 l
 2400 600 l gs col0 s gr 
% Polyline
n 600 2400 m 1350 2100 l 2100 1350 l
 2400 600 l gs col0 s gr 
% Polyline
n 900 1650 m
 2100 1350 l gs col0 s gr 
% Polyline
n 1650 900 m
 1350 2100 l gs col0 s gr 
% Polyline
n 900 1650 m 1050 1050 l
 1650 900 l gs col0 s gr 
% Polyline
n 1350 2100 m 1950 1950 l
 2100 1350 l gs col0 s gr 
% Polyline
2 slj
n 600 600 m 600 602 l 601 606 l 603 613 l 605 623 l 608 636 l
 612 652 l 617 670 l 623 689 l 630 710 l 638 731 l
 648 753 l 659 776 l 672 799 l 687 823 l 705 849 l
 726 874 l 750 900 l 776 924 l 801 945 l 827 963 l
 851 978 l 874 991 l 897 1002 l 919 1012 l 940 1020 l
 961 1027 l 980 1033 l 998 1038 l 1014 1042 l 1027 1045 l
 1037 1047 l 1044 1049 l 1048 1050 l
 1050 1050 l gs col0 s gr 
% Polyline
n 600 600 m 602 600 l 606 601 l 613 603 l 623 605 l 636 608 l
 652 612 l 670 617 l 689 623 l 710 630 l 731 638 l
 753 648 l 776 659 l 799 672 l 823 687 l 849 705 l
 874 726 l 900 750 l 924 776 l 945 801 l 963 827 l
 978 851 l 991 874 l 1002 897 l 1012 919 l 1020 940 l
 1027 961 l 1033 980 l 1038 998 l 1042 1014 l 1045 1027 l
 1047 1037 l 1049 1044 l 1050 1048 l
 1050 1050 l gs col0 s gr 
% Polyline
n 2400 2400 m 2400 2398 l 2399 2394 l 2397 2387 l 2395 2377 l 2392 2364 l
 2388 2348 l 2383 2330 l 2377 2311 l 2370 2290 l 2362 2269 l
 2352 2247 l 2341 2224 l 2328 2201 l 2313 2177 l 2295 2151 l
 2274 2126 l 2250 2100 l 2224 2076 l 2199 2055 l 2173 2037 l
 2149 2022 l 2126 2009 l 2103 1998 l 2081 1988 l 2060 1980 l
 2039 1973 l 2020 1967 l 2002 1962 l 1986 1958 l 1973 1955 l
 1963 1953 l 1956 1951 l 1952 1950 l
 1950 1950 l gs col0 s gr 
% Polyline
0 slj
n 600 600 m 2400 600 l 2400 2400 l 600 2400 l
 600 600 l  cp gs col0 s gr 
$F2psEnd
rs
