%!PS-Adobe-2.0 EPSF-2.0
%%Title: 6-hedrite10_4.eps
%%Creator: fig2dev Version 3.2 Patchlevel 3d
%%CreationDate: Sat Aug 31 12:13:53 2002
%%For: dutour@lierre (Mathieu Dutour)
%%BoundingBox: 0 0 110 110
%%Magnification: 1.0000
%%EndComments
/$F2psDict 200 dict def
$F2psDict begin
$F2psDict /mtrx matrix put
/col-1 {0 setgray} bind def
/col0 {0.000 0.000 0.000 srgb} bind def
/col1 {0.000 0.000 1.000 srgb} bind def
/col2 {0.000 1.000 0.000 srgb} bind def
/col3 {0.000 1.000 1.000 srgb} bind def
/col4 {1.000 0.000 0.000 srgb} bind def
/col5 {1.000 0.000 1.000 srgb} bind def
/col6 {1.000 1.000 0.000 srgb} bind def
/col7 {1.000 1.000 1.000 srgb} bind def
/col8 {0.000 0.000 0.560 srgb} bind def
/col9 {0.000 0.000 0.690 srgb} bind def
/col10 {0.000 0.000 0.820 srgb} bind def
/col11 {0.530 0.810 1.000 srgb} bind def
/col12 {0.000 0.560 0.000 srgb} bind def
/col13 {0.000 0.690 0.000 srgb} bind def
/col14 {0.000 0.820 0.000 srgb} bind def
/col15 {0.000 0.560 0.560 srgb} bind def
/col16 {0.000 0.690 0.690 srgb} bind def
/col17 {0.000 0.820 0.820 srgb} bind def
/col18 {0.560 0.000 0.000 srgb} bind def
/col19 {0.690 0.000 0.000 srgb} bind def
/col20 {0.820 0.000 0.000 srgb} bind def
/col21 {0.560 0.000 0.560 srgb} bind def
/col22 {0.690 0.000 0.690 srgb} bind def
/col23 {0.820 0.000 0.820 srgb} bind def
/col24 {0.500 0.190 0.000 srgb} bind def
/col25 {0.630 0.250 0.000 srgb} bind def
/col26 {0.750 0.380 0.000 srgb} bind def
/col27 {1.000 0.500 0.500 srgb} bind def
/col28 {1.000 0.630 0.630 srgb} bind def
/col29 {1.000 0.750 0.750 srgb} bind def
/col30 {1.000 0.880 0.880 srgb} bind def
/col31 {1.000 0.840 0.000 srgb} bind def

end
save
newpath 0 110 moveto 0 0 lineto 110 0 lineto 110 110 lineto closepath clip newpath
-35.3 144.7 translate
1 -1 scale

/cp {closepath} bind def
/ef {eofill} bind def
/gr {grestore} bind def
/gs {gsave} bind def
/sa {save} bind def
/rs {restore} bind def
/l {lineto} bind def
/m {moveto} bind def
/rm {rmoveto} bind def
/n {newpath} bind def
/s {stroke} bind def
/sh {show} bind def
/slc {setlinecap} bind def
/slj {setlinejoin} bind def
/slw {setlinewidth} bind def
/srgb {setrgbcolor} bind def
/rot {rotate} bind def
/sc {scale} bind def
/sd {setdash} bind def
/ff {findfont} bind def
/sf {setfont} bind def
/scf {scalefont} bind def
/sw {stringwidth} bind def
/tr {translate} bind def
/tnt {dup dup currentrgbcolor
  4 -2 roll dup 1 exch sub 3 -1 roll mul add
  4 -2 roll dup 1 exch sub 3 -1 roll mul add
  4 -2 roll dup 1 exch sub 3 -1 roll mul add srgb}
  bind def
/shd {dup dup currentrgbcolor 4 -2 roll mul 4 -2 roll mul
  4 -2 roll mul srgb} bind def
/$F2psBegin {$F2psDict begin /$F2psEnteredState save def} def
/$F2psEnd {$F2psEnteredState restore end} def

$F2psBegin
10 setmiterlimit
 0.06000 0.06000 sc
%
% Fig objects follow
%
% Polyline
2 slj
7.500 slw
n 2175 1725 m
 2100 1200 l gs col0 s gr 
% Polyline
0 slj
n 600 2400 m
 1050 1050 l gs col0 s gr 
% Polyline
2 slj
n 600 600 m 600 602 l 601 606 l 603 613 l 605 623 l 608 636 l
 612 652 l 617 670 l 623 689 l 630 710 l 638 731 l
 648 753 l 659 776 l 672 799 l 687 823 l 705 849 l
 726 874 l 750 900 l 776 924 l 801 945 l 827 963 l
 851 978 l 874 991 l 897 1002 l 919 1012 l 940 1020 l
 961 1027 l 980 1033 l 998 1038 l 1014 1042 l 1027 1045 l
 1037 1047 l 1044 1049 l 1048 1050 l
 1050 1050 l gs col0 s gr 
% Polyline
n 600 600 m 602 600 l 606 601 l 613 603 l 623 605 l 636 608 l
 652 612 l 670 617 l 689 623 l 710 630 l 731 638 l
 753 648 l 776 659 l 799 672 l 823 687 l 849 705 l
 874 726 l 900 750 l 924 776 l 945 801 l 963 827 l
 978 851 l 991 874 l 1002 897 l 1012 919 l 1020 940 l
 1027 961 l 1033 980 l 1038 998 l 1042 1014 l 1045 1027 l
 1047 1037 l 1049 1044 l 1050 1048 l
 1050 1050 l gs col0 s gr 
% Polyline
n 1050 1050 m
 1650 975 l gs col0 s gr 
% Polyline
n 1650 975 m
 2400 600 l gs col0 s gr 
% Polyline
n 1650 975 m
 1350 1950 l gs col0 s gr 
% Polyline
n 1350 1950 m
 600 2400 l gs col0 s gr 
% Polyline
n 1350 1950 m
 2100 1200 l gs col0 s gr 
% Polyline
n 2100 1200 m
 1650 975 l gs col0 s gr 
% Polyline
n 2100 1200 m
 2400 600 l gs col0 s gr 
% Polyline
n 1725 2175 m
 2400 2400 l gs col0 s gr 
% Polyline
n 2400 2400 m
 2175 1725 l gs col0 s gr 
% Polyline
n 2175 1725 m 2175 1727 l 2174 1731 l 2172 1738 l 2170 1748 l 2167 1761 l
 2163 1777 l 2158 1795 l 2152 1814 l 2145 1835 l 2137 1856 l
 2127 1878 l 2116 1901 l 2103 1924 l 2088 1948 l 2070 1974 l
 2049 1999 l 2025 2025 l 1999 2049 l 1974 2070 l 1948 2088 l
 1924 2103 l 1901 2116 l 1878 2127 l 1856 2137 l 1835 2145 l
 1814 2152 l 1795 2158 l 1777 2163 l 1761 2167 l 1748 2170 l
 1738 2172 l 1731 2174 l 1727 2175 l
 1725 2175 l gs col0 s gr 
% Polyline
n 2175 1725 m 2173 1725 l 2169 1726 l 2162 1728 l 2152 1730 l 2139 1733 l
 2123 1737 l 2105 1742 l 2086 1748 l 2065 1755 l 2044 1763 l
 2022 1773 l 1999 1784 l 1976 1797 l 1952 1812 l 1926 1830 l
 1901 1851 l 1875 1875 l 1851 1901 l 1830 1926 l 1812 1952 l
 1797 1976 l 1784 1999 l 1773 2022 l 1763 2044 l 1755 2065 l
 1748 2086 l 1742 2105 l 1737 2123 l 1733 2139 l 1730 2152 l
 1728 2162 l 1726 2169 l 1725 2173 l
 1725 2175 l gs col0 s gr 
% Polyline
n 1725 2175 m
 1350 1950 l gs col0 s gr 
% Polyline
0 slj
n 600 600 m 2400 600 l 2400 2400 l 600 2400 l
 600 600 l  cp gs col0 s gr 
$F2psEnd
rs
